9590 6
19600 6
3130 427
45700 0
4850 1
11900 9
9000 8
12600 4
2750 389000
8950 2670000
1 2
43 96900
4260 376000
10 1
1 333000
5 1
1490 413000
566 478000
2050 5000000
1890 505000
4 5550000
4 554000
24700 1
6 4160000
1710 2480000
668 529000
1 525000
5430 8180000
5330 1
8 10200000
4020 532
7 2
10 3010000
2 76400
109000 109000
2 482000
1 65700
4 438000
1 401000
392000 396000
7 1
207 70
1090 3
1820 866
3 6
2 1
4 0
1 2
6 2
2 1
4270 196
38900 39000
2860 1080
804 247
824 332
5780 2220
1900 454
74100 74400
555 9
5 4
5330 2
2560 1
1740 674000
1030 1
1960 248000
208 95300
7 75800
55300 55600
11400 3900000
8010 4
3930 4
1530 1
1920 2640000
2490 1
986000 995000
1310 2
3 2080000
1260 1050000
3500 2490000
1090 1
359 497000
2410 1950000
4 2
10 599000
7 1
680 1060000
1100 876000
1400 3
9 574000
5 5
4290 3
4 1
10 10
21000 21100
2390 1
299 541000
4180 5
2410 645000
1450 1270000
4 3
620 588000
491000 588000
136 2
447000 448000
3 522000
1 284000
677 427000
1 731000
2 1
5 2
1760 1
11500 1
9970 1
212000 212000
59700000 76500000
5 170000000
15400 27300000
23500 24200000
40500000 16400000
10 86200000
2940 563
5980 4030
162000 163000
838 5340000
685 418000
781 224000
1740 3220000
5 9690
3750 1
3040 2
4510 897000
1570 174000
3410 1
1 78100
1060 1460000
7 1600000
1 1640000
632 195000
649 375000
1640 184000
3880 453000
5 142000
937 4200000
4 750000
1600 0
1 3760000
111000 111000
1990 444000
2 173000
621 1
1760 13100000
5 540000
1320000 1320000
3540 11000000
70 397000
1 395000
2960000 3020000
6 218000
5 685000
579 453000
7 151000
398000 388000
1640 662000
4 599000
8 141000
182 1810000
9 933000
4 123000
232000 232000
3 1
2720 10
6210 923000
1780 423000
5250 517000
2040 473000
3100 483000
92000 21300000
8550 17900000
15100 1570000
450000 449000
18800 18900
616000 572000
4040 839000
10900 5060000
5090 596000
457000 438000
4 10300000
1 520000
7 600000
9900 718000
2 13700000
2 594000
7940 18700000
4040 1
108000 108000
9 7420000
2 473000
2 624000
13200 1
2 35400
3 426000
7 470000
7870000 7930000
12100 793000
2 5
744000 726000
1 1
7360 14200000
2 1950000
76300000 76400000
2 43600000
286 1210000
1490 1070000
620000 388000
1200 475000
1190 306000
577 784000
686 263000
3 1050000
644 657000
91 1100000
1 1
545000 255000
98 413000
3 2
9050 2
3200 534000
1 2080000
3 774000
6 487000
5460 2
4 639000
4 257000
5320000 5310000
636 289
774 6
1 818000
1 262000
62500 62600
3 3
2 0
1 203000
7 243000000
72800 5
2 19600000
48700 4
3 70500000
3 1
1030000 1010000
1 14000000
2290 855
482 178
8 6
7 10
8990 2550
1 824000
6 5
5 4
1 1
50800000 74000000
0 573000
2 40700000
5 19600000
360000 361000
20500 3
14500000 14600000
1 531000
3 669000
4 1
3 1
4080 697
319 4
4 1
5000 6
266000 1190000
14900 3770
2 1
80800 81100
7 104000
346 28500
2 104000
5 19400000
68400 68500
1 3
4330000 4250000
7 1
1 444000
415000 6190000
1 1
23800 5
94700 94900
8 2
241000 1
92000 4
21800 1
134000 7
49800 12700000
113000 1
17600 8
29700 1
157000 3
4200 42800000
320000 159000000
4 13000000
123000 1
72800 1
16800 141000000
18400000 13500000
23300 946000
18900 3
1 37000000
191000 164000000
27900 18000000
557000 4060000
29700 866000
917000 822000
297000 1
40300 1
65300 5
2 567000
186000 162000000
97600 2
17800 884000
28900 13400000
5 2350000
3 5
133000 80100000
4370 0
28000 1
46100 3
260000 2
95600 7
46200 19900000
13300 1
18300 22000000
2 604000
54500 41200000
4 15800000
2980 66300000
161000 33400000
16600 3
499000 3
8150 1
2 446000
1910000 1910000
5700 301000
6 1
22500 470000
4490 1360000
4 477000
136000 1
19900000 18900000
167000 58500000
2070000 2070000
10 2
16100 1
9 503000
1 897000
6 1
7 1320000
27000 674000
97700 4
23000 1
2 2950000
29200 2030000
10 1
1 879000
22600 2
4 661000
7 600000
507000 553000
1600 564000
33500 1
5 11300000
210000 1
38500 643000
322000 2
13000 21800000
3 806000
3270000 3090000
103000 32300000
9 1
1 4
18600 555000
17100 3
362000 364000
3 1
880000 1050000
4 8
8 7
1 5
52500 15000
40700 9
16100 1
1560 1
93700 7
27800 2
1140 1
464000 546000
7 1
10 0
6 18100000
14600 1
1 414000
2510 3
9170 4070000
3 605000
7 437000
2 391000
2410 3690000
10 755000
6 37200000
3 1800000
1100 1550000
1 676000
8 610000
3 427000
5 6390000
3700 493000
41200 3
293000 376000
9 1
6010 3300
1450 6
4330 4
3800 1
2930 8
25600 14900000
9 499000
1 1450000
2750 7470000
3910 472000
1 169000
26700 4
3000 494000
5 679000
4490 1
0 41700000
499 394000
2990000 3000000
1710 5550000
5 255000
6 629000
297000 278000
7 2
7 7
5 405000
1 811000
145 1220000
50300 10800
13800 6
49000 1
12200 6
50500 10
65400 1
20000 6800
26600 5
283000 28400
1330 703000
6430 2
217000 1
145000 3
86700 1
13200 3
26300 10
197000 6
30100 3
3 482000
47200 1130000
44000 4
65500 5
10700 1470
4620 2
68800 1
11800 1440000
77500 5
41400 1
29900 1
29300 2
72900 891000
316000 2190000
8 29000000
3 18900000
145000 9
7 375000
8380 3770
24500 2
60800 6
2 1
54200 4
50000 3
29800 1
68300 1
76100 638000
67200 687000
217000 3
7990 8610000
28000 20000
88800 19100
578000 60200
47300000 32900000
8 6
2 808000
982000 5
62300000 10
181000 5
4 6340000
70700 47100
3 57100000
4950000 404000
3 3
1580 1530000
1090 456000
6610000 6560000
10500 7
6310 9
4130 1
1730 771000
80 325000
8 2
251 961000
6 12500000
3200 360000
1 1870000
2090000 2140000
7 7240000
8 18000000
7 3600000
1080 8
4660 2
361 562000
4710 1880000
1440 1
23700000 23700000
4170 1
504 6600000
292 528000
3780 766000
15500 23000000
17000 12700000
179000 533000000
2850 15000000
3890 1
10700 3
5190 63600000
28600 151000000
19600 35200000
125000 4
36800 250000000
19800 2
53800 4
3 27700000
8830 14600000
11100 59900000
1470 529000
2 89300000
8 0
7 7210000
4 24000000
1 23500000
38500 33600000
6 570000
38400 849000000
0 129000000
9670 876000
38200 37500000
19600 1
125000 24900000
3 1
5 40600000
1 679000
1 96700000
2 777000
6 502000
128000 2
29500000 29900000
15500000 15400000
778000 783000
1 3690000
1 683000
3 1800000
21300000 21200000
7910 5880000
10 596000
2 465000
25600000 25700000
2370 1
30200 76800000
9 1
1 5810000
2800 30800000
3 2
35 145000
1 663000
32 151000
6 82400
28200 2000
31100 4010
3920 6
14000000 14000000
23800 8
6300 2
11600 3690
10 50900000
11000 2
2040 4400000
5 1
88500 122000000
40800 4
4 174000000
5290 1
2 2490000
7 473000
2 105000
1 5
4 3
111000 5540
6420 2
3 21400000
26200 2
6580 1
1 29700000
1740 39100000
3 718000
607 1
3240000 470000
7 1
1920000 1930000
2 1520000
4760 1
6 1
1020 1870000
750000 838000
9 1
9720 2490000
1480000 1550000
7 393000
10 722000
7 3790000
343 1
803 742000
533000 534000
18500000 847000
816 2
6 109000
11900 5790
6650 588000
5420 2
408000 407000
1010 615000
828000 716000
30500 1
38300 2800000
1 6140000
0 1290000
41300 13600000
3 27700000
10 4
1670000 1660000
2230000 2240000
1 1
4 1
2940000 2940000
9320000 9530000
1 95600
1 5630000
1350 1
764 1420000
3 4330000
1010 2730000
877 4820000
7 971000
0 49100
99 454000
1560 3
1 128000
21300 8
25300 3
21700 5
1 7770000
28700 1
2110 3
5430 8510000
3530 0
4 422000
4180 0
5180 538000
5670 0
9 442000
5 581000
10 447000
1030000000 51800000
3 3100000
535000 535000
1 426000
10 538000
3 779000
1 380000
8 199000
1380 749000
3310 1
4 1
6 1240000
6 524000
6 16100000
4 2630000
8 1110000
1 294000
389 1
6 811000
1 1
45100 14200
326000 9
1720000 1710000
8 536000
3 66000000
17700 3
1150000 856000
6 15000000
1560 923000
2990 473000
183000 30000
3 3
44600 4530
1 1710000
2 1
329000 46600
2420000 2420000
646 1
4 101000
210000 212000
75400 75400
60100 60200
5 7040000
4 14200000
5 657000
3 308000
2 2120000
3760000 3750000
2 695000
1150 219
1 201000
2 1380000
3 3
1 547000
1 727000
62300 8420
8100 8
390000 1110000
4 8180000
1 1
1 3
6730 2510
667 1360000
4 5
5 1760000
2810 2
0 34300000
1 1990000
7 435000000
6 1440000
5 7160000
6 1770000
4 2480000
8 2560000
3 1
8210 3
832 438
2670 1090
5800 2890
695 422
1880 938
8 7
2890000 2890000
1 1
474000 478000
2 2
3 3
651000 688000
1 402000
6 1
0 3300000
12500 3
1580 230
2300 10
1460 2
1220 1
39700 559000
601000 689000
9700 513000
10 6040000
0 0
3 5
10100 6
3 3440000
11000 7
3 595000
2 438000
2120 3330000
5 5
50700 31900000
10 479000
7 6
14500 3530
3 409000
319 141
4 13200000
6 3
4 5
2370 764000
2 8940000
1 1730000
4 271000
922 2
2310 451000
567 2
4620 9
5 1740000
3240 440000
9 215000
680 229000
6770 10
1680 2
7 678000
5 79900
740 376000
6 645000
501000 501000
2960 1
5 666000
11200 11200
2 484000
28600000 26400000
33700 6520
6980 1190
17700 4650
7710 2460
40300 106000000
1320 399000
3320 2
7 1
5 23700000
2060000 2090000
2 1390000
14200 1
14600 3
3770 1450
2 13200000
3180 603
15000 5
6 1420000
6 1570000
4130 12000000
119 1
462000 1610000
1 1440000
7480 659000
6 576000
9 1
11700000 11600000
672000 597000
6000 1
3 2
4 1
6 571000
7 470000
3 0
1920000 1790000
8040 2
340000 432000
2 627000
2460 498000
1 1
1 390000
1 89800
656000 764000
4 390000
5 2930000
6750 9
1950 1
340 2
120 426000
1 592000
3 448000
105 486000
1370000 1370000
6 12600000
3 2980000
3 514000
2 109000
8 36400000
180 355000
6 0
861 477000
9 16500000
389000 174000
3 54100
2 398000
1 637000
613000 8240000
1650000 1620000
2 2770000
1 1
4 3
137000 107000
2 3
5880 38900000
399000 402000
9 2
5 2
3 507000
21000 1
12700 6
6 86500000
34900000 37000000
3 3
685000 864000
54500 13900
9230 6
2 1
1 502000
2 5170000
836 1660000
592000 466000
10 530000
2 226000
1 119000
6 9150000
3 453000
4 296000
4 1620000
4 438000
556000 558000
1 163000
2 327000
1 271000
10 14900
3560000 3560000
2610000 369000
2610 2
49 1
862 1
2 2010000
1610 230000
4 392000
11100 6
3870 6180000
87500 6
3970 891000
934000 25000000
22100 1160000
1580 691000
37900 21700
2 28400000
13900 1
24600 1
6 34700000
25200 47000000
20000 2
11800 2
29100 27600000
164000 0
10 3
15000 2410000
19200 21800000
1 290000
1 750000000
4 17300000
3 2100000
6 1550000
9930 826000
7 31500000
8 117000000
49000 2
28000 1
9620 5620000
4730 5350000
3 1
18700 1
3 5840000
9570 2
1 12900000
13700 7
52900 25500000
32600 1560000
5080 1
1080 546000
4 1760000
15100 2370000
2 23200000
6 1220000
38900000 5170000
123000 4320000
218000 52000000
5 1250000
5 3240000
1850000 26900000
34800 23900000
35600 12200
41400 3
1190000 5330000
3 28400000
1 10200000
12700 10
43500 7870
1 5920000
4150000 1
843 401000
589 7
2290 383000
1570 472000
884 2
1050 1
246 2
293000 305000
2 23600
1 1920000
1 73100
34200 34200
1 168000
1 857000
3560 2
2610 2
3 248000
505 2
4 1
2390 461000
1830 2
2 129000
2 1
4 242000
1 634000
1 373000
4 15600
9 381000
1 1100000
2640000 2640000
3 1750000
1 6410000
26400 870000
4 1930000
1 1
1 1
5 683000
430 853000
1 362000
1 224000
205000 205000
2 414000
110 573000
8 724000
3 620000
2 1080000
7 114000
795 1040000
1 403000
4580 672000
3080 436000
3 429000
3310 633000
5 440000
562 415000
13500000 14200000
1 1350000
1800 4080000
1 463000
26000 1
1 845000
1620000 1620000
10900 34100
3 183000
22700 12300
3480 8
149 602000
3010 2
5 1290000
5150 1850000
11900 442000
0 6850000
6 1
5990 2
7 671000
1 536000
4530000 4530000
2420 1
2660 272000
5 5
3050 5
3 211000
1 1420000
233 1310000
3 914000
0 2690000
76 337000
1 890000
1 205000
18500 18500
1020000 1020000
2 95300
3 26700000
75700 75800
4860000 4860000
301000 301000
365 531000
1 664000
4 12600000
305 628000
2 968000
7 62600
4700 2
234000 234000
148 409000
2090 2
490 4
1 748000
340 1
1 635000
303 0
4970 1
10 304000
273 347000
279000 279000
363 1390000
5 4
5 3
3 1
9 334000
2570000 2580000
561 1140000
4 2740000
5 2
2 1660000
3 2
258000 258000
2 454000
1 29500
2460 7
1 223000
6970000 965000
8900 21300000
2 2780000
1 6690000
1 186000
1 4600000
1 52300
7 2
20000 9
1330 1
448 7
5 3100000
211 173000
1110 8
5180 4
740 900000
166 5
5 1
5 0
1 31300
1 271000
63700 63900
2290000 2290000
137000 137000
1270 1290000
32500 32500
408000 408000
316 422000
42800 42900
6 2980000
2 436000
442000 441000
2 639000
2 51100
5 18100000
7 1
1 13700000
1 5250000
2 4
15100000 15100000
1270 5
263 1410000
6 395000
5 378000
1200 1
17800 1
28400 1
1 7130000
1560 5
4840 0
10600 102000
6 124000
2 141000
491 308000
9 20000
6360 92800
259000 260000
1 1080000
174 437000
6050000 457000
1 552000
9 1290000
2 126000
327 4
5540 1
3200 1
6 592000
2240 3
5 283000
191000 192000
2 630000
786 1
6050 1
8 1
9 446000
4 1720000
1680 3270000
4 3440000
5260 3220000
3 1
9 24900000
4 2660000
1 1
109000000 110000000
1 2970000
3 92400000
8 89800000
2 1560000
1 4150000
14200000 13900000
19600000 22900000
358 333000
4 2830000
6 5100000
129000 129000
841000 836000
985 4550000
6 464000
8 3770000
1 1850000
2 1570000
9 2170000
5 420000
1050 3630000
677 1270000
6 2420000
422000 428000
1 42600
8 1220000
3870000 537000
2 579000
732 582000
2 1
1750000 626000
4 2
1010000 1020000
1 1
459000 3140000
2670 1
1170 428000
1600000 1610000
1 548000
26200 8590
2 16500000
1540 4510000
3080 1
4220 3
4210 718000
18300 1
10800 1810000
16900 5
453 547000
24700 70900000
9 18400000
4440 13700000
2770 573000
9 4890000
11600000 774000
2740 9560000
1940 1100000
5960 13600000
2170 1280000
6100 760000
7 4590000
29400 1
59300 1
23600 1
11800 590000
5130 673000
423 8
8 2030000
2 22700000
1830 407000
2 330000
2 21900000
3 357000
4300000 4390000
4 166000
0 2990000
1140 2980000
4860 2
2 534000
386 3630000
2 1200000
8 357000
2 493000
4650 18400000
3 1670000
1140 9
3 3
1180000 1180000
1 5
1 739000
1570000 1570000
1380000 102000
228000 230000
2 2
8 1
7 396000
1830 188000
966 1
279 2
8 1
7 937000
84200 1
33900 2260000
51400 1
89200 95000000
6 27500000
38500 0
8 911000
14800 102000000
49800 1
2 648000
1 3420000
2 3560000
10 1
2 475000
9 8
3 2
18500 5680
7780 3
9520 2
6 39300000
5 686000000
3610 1420000
39200 2
2 610000
4310 1
10 1580000
7 1
387 21800000
19600 19700000
0 1030000
2 749000
8740 3
6 2060000
11100 7580000
2930000 2480000
189000 0
24300 0
2 1
3 2180000
6 639000
22800 4
15800 1
7 2590000
760000 755000
1480 513000
43300 25700000
3 514000
120 569000
6 573000
6 34300000
205000 1
4050000 3420000
2 67600000
89000 2
20400 5590
167000 67400
3 1450000
1 11200000
532000 10
83300 6830
2220 112
2640 407
2460 463
630 9
1910 8
259 4
5 60700
8 2
301 5
9 194000
5 989000
238 5
249 0
611000 582000
6220000 6230000
158 653000
3 649000
1 446000
11200 10
61800 19600
9 1
10100 1
8 4
787 102
34600 1
554 4860000
7 1570000
4860 2
1160 20400000
69300 1
6 94000000
6 67400000
3070 14500000
3930 1
9 3410000
3 902000
1360 18000000
1 481000
1 1
2780000 415000
1 458000
3370000 29200000
1 1880000
654000 779000
121000 3
3190 5
32100 1
5 1810000
9820 16100000
69900 2
2 242000000
3 2
2 876000
3 28500000
17100 13600000
10 16100000
185000 8
4 6
363000 315000
34600 22600000
97400 48900000
169000 80600
84400 39800000
3880 7
7 10400000
3420000 233000000
31000 10
17400 1
3 534000
32800 2
660000 3
38200 2
264000 42500000
175000 111000
2970 2
52000 1590000
104000 29700000
2940 1
417000 3
98200 15700000
26000 1
2 28800000
1 447000
4 57300000
273000 1
4 29800000
2080 700000
1580000 1
3 1950000
17500 1
10900 9940000
2 8330000
38400 563000
62100 586000
7400000 7400000
202000 1
5 602000
2 429000
588000 71400
2 2
408000 578000
3 772000
2 1
19700 3
44600 12900
74 1210000
12300 4
35800 1
12300 8
871 1
1250 273
72900 2
7080 3
13300 1
1260 2
9 677000
3470 1010000
19400 23400000
30500 2
4400 2
2160 1630000
1 2410000
44700 1
385 113000
4260 1
6 5170000
3490 5710000
2 8280000
5 9940000
1570 1
7 3200000
4 25300000
979 1
4140 2
8440 1
3 689000
14200000 14300000
5 4930000
7790 5
604 7
1 2800000
3 395000
3 9160000
27700 3
4 1550000
1970 1
17000 3
16400 4
4190 3150000
10 9560000
3 1120000
9 546000
12900 3
0 3720000
879 1
15100 1
2670 2
35300 0
0 2120000
6450 805000
2750 1020000
1 2640000
1 6720000
4 3240000
15200000 15200000
2 385000
1 74500
487000 478000
1 1230000
4 1
33000 10
6160 9
9520 771000
34300 2
52500 3
43500 3
31200 1
2 2290000
34700 3
9 10200000
12200 7
30400 13000000
46900 3
12000 7910000
24100 1
26600 3
103000 2
124 1
3 652000
3 2810000
2720 1
988 814000
2030 3
1 11100000
1 34000000
1 4490000
50500 1
4450000 4490000
2160000 2170000
1 3560000
1 1
1480000 1430000
93600 3500
35600 2
9 95300000
14500 1
2 3720000
79700 101000000
65500 1
1 4810000
18900 12800000
31300 37300000
22400 1
6 107000000
7 15500000
123000 98700000
1430000 1420000
11000 1
6 15800000
3 74800000
5030 15200000
411000 47000000
3 252000000
3400 2
10 19000000
21300 1
14000 69300000
7 56300000
22100 17300000
3450 1380000
2 44300000
2400 1050000
3 1
27900000 1
6 5
6860 8230000
3630 5
1550 20100000
786 432000
3280 1
3 447000
5 1640000
582 3
1 2
1420 1530000
888 13700000
3230 2240000
426000 442000
8 440000
321 652000
4 614000
4 3110000
1 2
7 945000
217000000 235000000
2 1090000
2 1730000000
7460 54600000
20100000 20500000
22100 3
17200 5100
2980 2
3 1
4520 1
3040 1
6 11300000
4920 1050000
3860 50500000
15400 5
75400 4
3490 3
2120 2
7700 66200000
4720 9950000
3900 2
36100 1
16900 6
29100 715000000
1030 1170000
19800 19200000
20900 79600000
15300 38500000
524 4790000
145000 23100000
26800 6
37300 254000000
6 16800000
15600 65200000
6 1
981 1
24800 1
3670 1620000
12800 6160000
1 292000000
3 1
5 1
36400 1
1 7520000
1 6110000
1610 3
1020 1
5280 2130
3990 1480
17200 3330
42000 12100
43700000 3
1 14300000
1 1
8 8
9 6
9 558
3340000 4550000
4170 0
6160 6
9280 6
2360 6
1 522000
556 4
3 1
325 679000
9 2
1960000 794000
6 564000
2 410000
1 400000
54600 54600
328000 2
312000 200000
16400 505000
5550 4
2210 5
2 7500000
7 119000
666 3200000
1080 1
6250 125000000
142 301000
3280 598000
101000000 2
8430 26200000
7310 2
2 2170000
3 537000
6 315000
85 1
1620 170000
4 582000
2 2240000
170 307000
31300000 129000000
1 1
8 356000
50500 53300
1 246000
142 1
361000 43800
8740 1
40500 2180000
33900 2
18800 2
126000 2
8760 10300000
38800 41500000
48500 74600000
6670 21900000
273 2310000
12800 1
12600 2240
20100 1
97700 1
12100 36600000
41700 2
85400 36400000
10 3950000
2 6530000
6 12400000
1500 1
4 154000000
124000 9550000
11900 1030000
4210 16900000
6 14500000
4330 1200000
60400 24900000
5 62500000
3 83800000
7390 6270000
2660000 1920000
3710 1450000
988000 1
2 63200000
2 1
881 8110000
140000 1
68000000 68300000
69700 47800000
11300000 117000000
5 21500000
1 139000000
49500 20400000
107000 102000000
14900 34200000
2 64100000
1 1
5 51600000
14000 1
1460000 1300000
6520 15000000
7 11900000
16000 27000000
1 8000000
5 3620000
41400 38200000
79500 458000000
4 81800000
4 2460000
5 4060000
66500 23300000
11300 28300000
9930 139000000
20500000 20400000
7 1
4 13700000
2 47500000
3 70200000
1190000 1210000
3 317000
3 4260000
1 16800000
1 11800000
9 27800000
414000 429000
45200 9
45400 4030000
67300 1350000
5760 449000
3110 4
3970 3330000
3160 361000
25700 1620000
10400 1
32700 1
1 3850000
6840 664000
6580 3
10500 0
2 720000
29400 1
1 555000
1 1750000
6 848000
3 2760000
8 415000
4 471000
484000 541000
549 319000
4690 4
5 6310000
3 72100000
1 1
1500 1
2350 4
2830 1
1190 3030000
76200 3
4350 1
970000 469000
3700 5140000
3 761000
1 821000
55500000 55000000
7 13100000
8130 3060
3 3
0 29900000
3 7020000
2 601000
60000 60300
7 15600000
3 10500000
2 579000
3 500000
2 6430000
9360 518000000
3530000 3640000
698 471000
523000 521000
1590 510
519 398000
38300 85800000
103000 151000000
3510 3960000
3200 2
4710 3
6 735000
4 3730000
4 7
9 10000000
4 783000
1100 1
11000 8040000
4 3
22600 4400
1030000 1030000
657 4
2750 1
5 17800000
466 799000
7 187000000
6 678000
2 758000
180 3
8 326000
188000 207000
4 1590000
1 1610000
1 931000
6690 824
1690 1
193 3170000
643000 665000
6 221000
122 1
1 458000
3 1
39600 2
2 1
64900 4190
8620 4
10400 1
9390 522000
3 1680000
5 427000
16100 2
2 2190000
4 1560000
5 1760000
4 276000
7 4
23600 2
7 0
1 8340000
5 5530000
2 561000
3 1
6 28100000
8 53000
9 3370000
622 1
66200 14700000
4 7210000
216000 217000
6 4640000
10 575000
104 9
742 100
4 3
1 4
7 317
0 6220000
168 3050000
911 1950000
1190 2260000
3 6070000
3 792000
9 2710000
1 1
7 499000
7 552000
9 102000
4 8320000
0 1
6 15300000
10 1
181 5
4 20000000
1 1030000
3 5480000
1 1140000
2 327000
2 70100
2 213000
1 708000
1 634000
284000 284000
264000 265000
811000 788000
1490 741000
5540 469000
40100 116000000
4 2
7 20900000
80000000 59500000
1240 1200000
2290 721000
3 2
5020 2
1 53400
1250 1
615 191000
832 1720000
3 652000
175 73300
6 128000
2120 1370000
4 329000
4 2140000
7 2
9 215000
913 803000
1 657000
2 121000
7 2
177000 174000
12000 2
5830 0
632 316000
3 7170000
23300000 1
4160 8670000
1240000 1270000
2 1970000
1 4630000
1 251000
42600 8
49300 13500
14300 1
21400 1
4020 1500000
11900 15300000
32600 3
10300 5430000
114000 35900
6360 1550000
6490 1460000
32800 867000
8510 7300000
42800 1
32200 1
2660 629000
6960 3
10500 34200000
844000 23400000
125000 9
2 2540000
1900 1
24000 5
13700 1
4120 854000
27000 2
17900 1
2 1940000
9940 413000
8570 3
5460 9
2150 1
4 2
20100 1
1 3340000
26400 12600
158000 9860000
14600 3710000
4 5
12500 3
20400 1
9 2
7150 12800000
7 2060000
4 0
3820 2
3310 4960000
11700 9030000
3310 4350000
1330 2770000
2160000 13400000
4 5510000
1 3260000
9 7420000
1 219000
10700 62700000
6 3880000
10900000 10800000
4 4940000
74000000 13600000
1 81100000
11000 2
5930 4280000
19400 9790000
2 4310000
12700 3
6660 23100000
7 9320000
3220 1
1520000 1540000
23900 1
11800 5080
10300 8340
3610 4730
4 10
1440 937
11400 8170
6200 8
29100 8400
16700 11700
1 1
2850 800
5520000 5540000
20100 5520
520000 4220000
1 7530000
2700 1280
19200 3950
13200 3980
22600 6390
996000 997000
2 10
9 278
2190 554
3550000 1
5 4
15400 5850
8 7
413 203
49100 16300
1 3
852 39900000
77 3310000
1860 29300000
2490 2
10 5400000
1360 26600000
7 59200000
5 6110000
2 18000000
6330 12100000
2990 70100000
10 89600000
3 45100000
1 1
35800 83300000
3 2920000
39900 6250000
2320 10800000
7880 1240000
2 1200000
9 11200000
3580000 3580000
2520 929000
0 1910000
5 22800000
1450 1
1030 595000
2480 2
2 34500000
0 7520000
4 2
18700000 18700000
3 9150000
6 34800000
9 111000
5 8610000
229000 231000
26300 2000000
4 22000000
6 680000
1330 19700000
1 739000
9 36700000
9 9590000
43500 30000000
8 2
4 1170000
6 15400000
1 1
7 1650000
2 13100000
1 414000
265 92
1 1
4 6
10600 2
628 248
3 1
1 1
2 2
9 8
1 1
246000 5300000
6210 956
1 3
1520000 9180000
2 3
5 3
498 191
2 1
2 4
2 2
30200 0
15400 0
1720 1
2600 1
13300 1
17200 2
3 96300000
9810 561000
3600 2
520 99900
4 745000
2350 494000
17700 11300000
14400 1
4 230000
3 4310000
1230 2970000
1920 2290000
15200 11400000
1860 624000
954 2
11200 2
22500 954000
6 265000
6 788000
3800 1
927 1
2 1020000
4 2860000
2980 1
2 431000
4 705000
1 8900000
5 673000
2 15700000
0 803
28200 5
4 3230000
11000 2
2320 4
6830 5
321 6120000
7010 1
1510 5
1220 351000
623 5150000
4 3650000
484 2820000
3 15500000
847 2
2 487000
8 1190000
2 2720000
614 902000
456 2240000
2 2120000
1 770000
1730 4690000
8 1880000
71200 68600
1830 6980000
8 2
3080 1480
8160 4730
5490 652000
8 1
1690 1
3 674000
10 972000
169000 351000
979000 1010000
6 0
25000 2
7 2
203000 237000
8 579000
8650 2
491000 522000
3030 1
6 453000
1530 7
6 507000
19200 6
736000 718000
7 5180000
6 1540000
1 74200000
57 76800
254000 253000
191 533000
419000 420000
12000 1
5330 1
1100 2910000
6370 6
14600 615000
1760000 1580000
10 2020000
4470 3
8320 2
3 24800000
8550 2
846 2
0 7230000
2 2
2310 300000
1900 0
7550 1920
4180 25000000
1600 11500000
1050 1
8 66300000
5270 2
9770 1
4550 8780000
2 31500000
1050 3420000
486000 490000
4 17900000
654000 548000
23700 68900000
6 191000
21900 76400000
3 692000
4 6
1 45000
2 1640000
4 5300000
4540 3
3 2340000
5 22200000
1 2260000
260 1040000
4700 3
4 18000000
8 1
2 1
4 158000
9 10100000
1 854000
7 2140000
4 337000
7080000 6960000
1 4
2 2
12400 6
8250 38900000
1030 3950000
14800 2
7460 70100000
1180 1950000
1 2870000
5 32100000
5 953000
119000 26800
2110 5
3380 4
7080 1
8450 13400000
3060 2570000
10300 1
16100 7970
90100 8
135 1750000
20500 1
11300 1
6300 2
0 2450000
5720 0
30000 3
3280 14400000
3 92200000
3 1840000
2390 1
39700 9
3 1
1 1
1250000 1250000
21700 1
6440 9710000
4 9490000
4370 8440000
6 1230000
9160 1
107000 23000
2090 672
4 8560000
0 10800000
4 71100000
10 3040000
6 15900000
1 3260000
33800 1
3 466000
3110 1
8 180000000
16700 43800000
2 59100000
598000 395000
2 5480000
1460 2
1 2980000
8 22200000
10 2030
5 8
1 1
2050 1590
892 9
1 8450000
8 8
9 1550
32300 7790000
28900 5
33400 1
1 1
1 11400000
27100 4840000
6 552000
20400 74900000
3780 753000
53300 35700000
4200 12100000
11300000 51800000
42000 23800
121 365000
2000 1160000
4 952000
1 229000
1 226000
2380 1
12700 5
57400 5
29300 4
5 4820000
5 378000
1180 1130000
424000 444000
1010 2
6 8
4 2690
5780 1010
2 2140000
704 2
4 1
391 197
10 9730
4 6
4 1
2 6
8 314
2 154000
2 199000
1 45800000
4240 681000
2 3
6 3030000
5 1670000
868000 865000
911000 45200000
5 924000
2 134000
1 1
2370 2
976 2
811 0
6 1810000
8 853000
495000 491000
3670 3
969 3960000
2 16700
10 0
6 660000
2 2900000
9 1
3 3650000
2 1680000
9 385000
6 347000
1 330000
1 6230000
3 193000
2 94000
6 2810000
194000 197000
1750000 1750000
210000 205000
690000 692000
4 18200
428 4
91 6
1 558000
285 6
404 5
1090 5
8 1
7000 701
1970 2
5830 2050
2 1700000
1180 64
79 1
4 35900
144 2
3 263000
6 122000
1 103000
349 4
9 1780
6 135000
1030 437000
1740 748000
21100 29200000
3450 1
111 1
2 1090000
390 991000
153 1140000
424 427000
4220 45700000
5360 9980000
6 5
4 35400000
7 173000000
4 3260000
5 2310000
1 170000000
331 4
5 1430000
12100 2
1 2440000
26700 980000
4 179000
44500 3790000
10400 56400000
877000 878000
1 12700000
4 328000
3480 3420000
2 2600000
1 39100
586 588000
5 19000000
3 1
4 2250000
5 3430000
3 3220000
4 8020000
2 1310000
5 1490000
7 44200000
4 6760000
53300000 53500000
18800 3
5940 2
118 247000
7750 23800000
3 33200000
8030 2
8 7170000
9 1440000
1 2440000
6130000 6170000
1 2
5930 1
2170 681000
326 452000
1140 154000
7890 388000
1 64700
3 177000
3 109000
10300 2900000
6 3620000
763 227000
1 1530000
5 2640000
465 289000
5 4580000
1 350000
1780000 1780000
1 1350000
3 14800
9260 537000
5 2
2 1620000
7810 3740
23400 6
9 1
1 506000
1 587000
2 447000
1 1
125000 124000
5 10
6 3
325 86
1 1
7 668
1 407000
5 3
15800000 14500000
4 141000
3 238000
9 86400
8 43400
2140 8420000
3 1060000
3 229000
6 284000
1 1
2 2
7 1
8 6
1560 583000
1 456000
102000 592000
999000 1010000
2 273000
3 362000
3 284000
687000 684000
10 5
1 209000
1320 651000
4230 32400000
1090 18000000
1 10400000
4 52600000
769000 798000
20100000 20100000
435 1920000
6 5040000
